10875420
12154462
14350827
15472949
15922480
22052031
22203453
22444041
23519666
27746481
30063783
31582024
33504454
34889756
38204221
40971667
42107025
42711552
43253965
44922784
46154065
46447565
46726941
46922829
47073614
47682563
52860298
54751257
56339628
57210289
57752534
64120775
66052293
66205867
76902961
77447151
81472413
81805685
84009993
84974935
85102040
86174448
87689568
91469988
94531118
94534834
94596890
97466130
10091373
10099858
10126908
10272022
10306321
10547315
10601634
10675978
10742669
10935021
10949981
11044561
11553969
11755298
11775170
11870769
12192452
12223192
12356337
12432523
12586616
12848923
12934017
13004597
13521019
13600600
13673919
13698874
13875917
13961673
13993555
14022549
14093190
14388538
14434433
14509850
14548061
14702171
14773033
14798910
14907515
15099945
15107650
15194625
15420198
15519490
15738339
15853901
15877462
15946284
16010184
16011378
16027135
16069648
16355133
16843545
17300266
17323183
17422120
17541003
17771044
17874829
18043976
18059772
18221619
18500794
18617801
18844376
19524575
19577498
19869273
19899666
20038422
20076061
20107510
20180952
20235290
20438318
20730947
21043777
21062955
21067582
21225952
21448504
21563017
21617466
21617865
21672806
21714972
22136882
22593014
22734619
22807266
23002442
23017309
23089245
23381522
23651439
23725555
23887359
23990408
24102432
24439047
24515567
24562964
24760685
24958268
24973791
25240706
25368136
25389310
25411550
25444686
25751677
25846880
25887258
25978359
26054842
26284318
26446374
26508591
26547010
26723446
26965226
27007936
27362225
27520809
27662552
27746382
27823417
28297392
28422714
28688087
29023414
29132888
29140124
29321638
29653922
29654736
29766967
29797407
29947308
29964109
29972905
30020628
30232011
30672625
30746650
31104594
31213498
31545121
31692654
31994359
32129750
32235790
32296659
32332702
32425638
32490669
32609719
32779662
32791289
33109542
33357236
33453226
33497823
33692198
33711502
34187486
34502838
34511485
34583468
34693682
35085720
35249829
35335960
35645810
35728644
36073143
36180116
36411670
36472165
36606493
36819368
36986798
37160641
37357773
37651625
37749316
37822609
38001368
38055296
38137866
38164714
38532126
38567784
38682067
38691306
39143480
39740536
39979980
40042687
40091940
40267971
40451974
40670960
40753134
41274224
41480299
41530731
41645863
41765063
41833730
42200075
42579365
42831896
42991820
43019340
43068985
43281518
43313186
43322136
43322142
43332869
43620077
43705870
43916445
43951880
44105174
44308387
44531037
44575252
44618127
44619023
44698569
44716863
44732239
44905938
44935427
45145212
45165529
45279102
45414109
45532254
45772824
45915365
46001853
46052642
46218028
46225698
46573700
46646090
46648078
46919670
47118527
47124361
47198512
47470295
47579132
47643735
47776584
47992034
48114274
48395927
48396392
48459349
48712272
48827222
49126414
49305372
49532515
49623514
49755751
49837998
49935442
49943978
49996621
50131985
50284516
50299493
50417414
50418451
50540162
50658166
51135073
51628425
51649897
51671220
51780526
51818041
51970513
51987934
52083339
52086866
52498569
52599929
52739905
52825453
53092669
53127983
53151100
53300704
53322554
53358656
53577052
53728847
53841030
53864729
53870184
53978799
53997363
54060114
54072864
54101586
54327254
54335718
54752234
54798383
54982712
55140422
55327928
55620664
55727618
55974786
56044715
56082345
56094134
56182478
56318324
56430053
56621508
56658858
56704743
56892779
57160029
57328745
57449969
57584402
57701313
58011769
58154028
58183725
58200045
58246794
58251001
58324886
58411356
58974938
59298253
59366174
59399770
59482984
59513750
59614443
59714265
59907546
59958667
59984383
60097403
60103184
60127487
60383611
60848715
61077558
61859298
61967931
61979062
62179781
62249838
62356529
62600438
62703138
62742465
62845239
62952471
63056025
63066810
63108292
63122057
63251687
63353338
63385157
63530458
64101670
64491011
64962451
64968908
65009452
65094873
65641989
66387320
66435799
66522103
66553509
66610273
66641686
66738586
66805829
66926770
66933720
67393309
67499429
67584344
67699865
67857665
67914068
67933483
67985882
68010722
68092605
68106149
68172179
68272677
68330538
68392038
68401755
68449835
68507583
68586095
68605746
68665351
68773680
68961525
69007541
69055976
69270229
69799913
69831226
69998365
70157184
70167986
70198128
70508315
70571139
70796196
70940352
71032105
71350391
71398072
71639361
71724718
71780452
71791316
71944018
72200107
72203086
72247104
72612947
72788175
72914892
72922363
72946470
73122143
73166291
73357914
73414531
73537070
73551939
73561044
73623281
73738143
73859339
73998002
74203499
74228001
74237925
74289079
74308903
74555953
74644352
74806816
74843128
74928023
74979888
75001259
75222756
75434359
75868993
76008704
76131052
76274236
76307566
76343591
76416341
76713368
77135437
77222435
77251742
77390537
77623626
77688322
77777577
77887483
78162737
78183245
78285755
78359337
78382386
78619582
78662652
78821035
79282614
79457889
79504893
79553251
79615405
79745598
79753035
79995711
80018895
80109525
80293858
80397611
80472325
80898908
81017102
81054383
81075975
81436783
81441780
81611189
81745055
81915661
82105824
82355186
82477348
82537020
82659440
82972660
83056416
83094228
83171710
83309461
83351817
83427317
83753035
83843143
84109506
84517078
84628578
84742346
84756295
85047771
85207564
85314044
85560266
85668241
85807995
85945569
86078228
86260290
86357903
86514509
86742292
86923087
86930006
87145099
87185358
87281040
87301375
87405007
87693602
87739486
88201395
88365423
88378967
88663660
88753810
88760071
88894963
89188792
89303632
89627570
89891636
89973615
90081850
90115184
90217910
90484262
90518776
90614649
90627520
90845958
90926389
91038886
91175986
91711511
91944193
92032300
92035015
92066329
92349124
92424498
92960451
92995515
93023327
93641473
93647498
93701248
93765223
93818806
94067437
94084548
94265467
94288057
94356408
94556450
94738550
94933851
95031483
95139444
95272624
95342838
95345919
95347520
95511223
95530787
96057983
96134940
96244935
96382885
96548759
96772286
96861455
96898328
97094273
97124149
97185244
97231911
97251374
97265060
97298979
97342178
97492945
97549968
97592544
97752154
97843054
97873662
98064909
98212694
98275816
98289143
98422844
98592073
98977288
99328489
99341809
99543164
99849849
